chain,resname,resnum,res_key,density
A,ALA,66,A_ALA_66,10.461470120048869
A,ALA,531,A_ALA_531,13.19086439653472
A,ALA,568,A_ALA_568,12.422045709016757
A,ARG,69,A_ARG_69,16.25675881152333
A,ARG,557,A_ARG_557,26.51067634774064
A,ARG,622,A_ARG_622,7.243984565869628
A,ASN,551,A_ASN_551,16.49942248092213
A,ASN,556,A_ASN_556,22.09909555336657
A,ASN,564,A_ASN_564,5.537801795724256
A,ASP,527,A_ASP_527,14.083103751847359
A,ASP,529,A_ASP_529,20.695378378350796
A,ASP,554,A_ASP_554,21.682592149265176
A,CYS,530,A_CYS_530,17.901938426488925
A,CYS,555,A_CYS_555,17.31623093644595
A,CYS,562,A_CYS_562,18.50722355882729
A,CYS,567,A_CYS_567,18.542282057819726
A,CYS,572,A_CYS_572,5.108027714757809
A,GLN,560,A_GLN_560,23.085456317449403
A,GLN,566,A_GLN_566,13.885391554450692
A,GLN,627,A_GLN_627,15.194049462968959
A,GLU,33,A_GLU_33,10.990547354707886
A,GLU,573,A_GLU_573,17.87362082122467
A,GLU,579,A_GLU_579,2.7017569675515767
A,GLY,68,A_GLY_68,10.420935128058067
A,GLY,565,A_GLY_565,10.476919395252171
A,GLY,569,A_GLY_569,10.310773710458932
A,HIS,31,A_HIS_31,9.495221021956809
A,HIS,65,A_HIS_65,11.164228016449776
A,HIS,67,A_HIS_67,23.10183914378784
A,HIS,70,A_HIS_70,2.4702449292557143
A,HIS,558,A_HIS_558,23.745085274029154
A,ILE,563,A_ILE_563,18.339149456571995
A,ILE,571,A_ILE_571,18.96445630589041
A,ILE,624,A_ILE_624,7.803124415430565
A,LYS,549,A_LYS_549,21.12108171677666
A,LYS,574,A_LYS_574,15.488418626046974
A,PHE,552,A_PHE_552,21.017591132194017
A,PHE,619,A_PHE_619,1.8703824369444664
A,PRO,550,A_PRO_550,13.859749889176731
A,SER,528,A_SER_528,16.10243086901119
A,SER,570,A_SER_570,16.184029819255514
A,THR,553,A_THR_553,17.58695349777684
A,THR,559,A_THR_559,18.264757937303482
A,THR,625,A_THR_625,3.218923817376035
A,TYR,21,A_TYR_21,18.315189380274823
A,TYR,575,A_TYR_575,5.2773692198054345
A,VAL,561,A_VAL_561,17.099042696543933
A,VAL,596,A_VAL_596,5.713647352976572
