chain,resname,resnum,res_key,density
A,ALA,507,A_ALA_507,12.25124514422434
A,ARG,556,A_ARG_556,14.989470002604167
A,ARG,559,A_ARG_559,25.751657872631753
A,ASP,553,A_ASP_553,18.402669219989207
A,ASP,562,A_ASP_562,10.204706690212564
A,CYS,510,A_CYS_510,17.41059873830817
A,CYS,523,A_CYS_523,6.807911517665418
A,CYS,536,A_CYS_536,12.36499969563447
A,CYS,554,A_CYS_554,18.054113235583564
A,GLN,506,A_GLN_506,5.833721555914046
A,GLN,525,A_GLN_525,23.350110001916352
A,GLY,481,A_GLY_481,7.530802384960285
A,GLY,528,A_GLY_528,10.4142859701866
A,GLY,558,A_GLY_558,9.647168288953214
A,ILE,508,A_ILE_508,18.521085129487467
A,LEU,482,A_LEU_482,2.70713406451399
A,LEU,513,A_LEU_513,16.84624176923166
A,LEU,514,A_LEU_514,2.445166872690826
A,LEU,527,A_LEU_527,15.709368348156573
A,LEU,552,A_LEU_552,18.00440709904375
A,LYS,533,A_LYS_533,13.505167123421357
A,MET,521,A_MET_521,1.406126988426707
A,PHE,538,A_PHE_538,2.3602795325642
A,PRO,509,A_PRO_509,15.521213588201949
A,PRO,512,A_PRO_512,16.171905832956966
A,PRO,526,A_PRO_526,4.316282693478208
A,PRO,564,A_PRO_564,6.374084709429704
A,SER,529,A_SER_529,15.547969751972609
A,SER,530,A_SER_530,15.604189542770659
A,SER,531,A_SER_531,16.506313702520885
A,SER,534,A_SER_534,16.05994764630193
A,SER,557,A_SER_557,15.317665412732087
A,THR,511,A_THR_511,17.916669995947643
A,THR,535,A_THR_535,12.707218721810207
A,THR,555,A_THR_555,17.649209398474067
A,THR,561,A_THR_561,17.84323077192005
A,TRP,560,A_TRP_560,31.357389070037563
A,TYR,532,A_TYR_532,25.192820985557653
A,VAL,524,A_VAL_524,5.788331844454867
