chain,resname,resnum,res_key,density,ACC,hbond_type
A,ALA,235,A_ALA_235,4.487363505839561,13.0,1
A,ARG,376,A_ARG_376,6.011241797712893,111.0,1
A,ASN,385,A_ASN_385,20.494719734762707,56.0,1
A,CYS,348,A_CYS_348,2.6976106798464143,0.0,1
A,CYS,380,A_CYS_380,18.60549920230605,42.0,1
A,GLU,356,A_GLU_356,14.225284220504715,79.0,1
A,GLU,359,A_GLU_359,10.548689820694715,49.0,1
A,GLU,381,A_GLU_381,23.88896397468077,150.0,1
A,GLY,325,A_GLY_325,3.557109677572249,16.0,1
A,GLY,328,A_GLY_328,9.858574497928611,0.0,1
A,HIS,388,A_HIS_388,14.42662665382028,50.0,1
A,ILE,141,A_ILE_141,8.431129038054774,37.0,1
A,ILE,408,A_ILE_408,7.689967327637113,31.0,1
A,LEU,383,A_LEU_383,18.55456092364712,27.0,1
A,LEU,387,A_LEU_387,14.646700049892845,22.0,1
A,LYS,346,A_LYS_346,10.251407000879649,21.0,1
A,LYS,357,A_LYS_357,19.19739979367617,65.0,1
A,MET,379,A_MET_379,21.36793196202403,27.0,1
A,PHE,236,A_PHE_236,5.9547467021764415,0.0,1
A,PHE,251,A_PHE_251,5.976829369491655,7.0,1
A,PHE,326,A_PHE_326,20.98650320312512,66.0,1
A,PHE,386,A_PHE_386,23.88762880384845,4.0,1
A,PHE,406,A_PHE_406,8.143540504008367,9.0,1
A,PRO,378,A_PRO_378,16.34258720790963,77.0,1
A,SER,137,A_SER_137,8.495892908878346,2.0,1
A,SER,345,A_SER_345,15.896771624762255,25.0,1
A,SER,377,A_SER_377,15.84853459701049,10.0,1
A,TYR,327,A_TYR_327,28.24098637966836,19.0,1
A,TYR,382,A_TYR_382,27.15448329092389,33.0,1
A,VAL,329,A_VAL_329,15.957108804022178,36.0,1
A,VAL,347,A_VAL_347,16.48786716841905,8.0,1
A,VAL,354,A_VAL_354,16.397078327843847,59.0,1
A,VAL,355,A_VAL_355,16.084176361326282,42.0,1
A,VAL,358,A_VAL_358,2.808322846277952,83.0,1
A,VAL,384,A_VAL_384,17.348514253246698,26.0,1
