chain,resname,resnum,res_key,density,ACC
A,ALA,168,A_ALA_168,8.683990160252295,33.0
A,ALA,208,A_ALA_208,6.577449571581919,0.0
A,ALA,220,A_ALA_220,12.50809657098743,0.0
A,ALA,222,A_ALA_222,12.776500483354564,2.0
A,ALA,231,A_ALA_231,1.9099261892436905,0.0
A,ALA,347,A_ALA_347,12.630467760142247,0.0
A,ALA,381,A_ALA_381,12.798762013535145,14.0
A,ALA,391,A_ALA_391,3.740525299995849,0.0
A,ALA,402,A_ALA_402,11.511915622395636,5.0
A,ALA,597,A_ALA_597,12.033864834005922,47.0
A,ARG,349,A_ARG_349,2.909873248920705,0.0
A,ARG,405,A_ARG_405,15.891301458528662,138.0
A,ARG,598,A_ARG_598,9.912914142095271,211.0
A,ARG,601,A_ARG_601,2.343541636719847,71.0
A,ASP,345,A_ASP_345,18.72173597017719,3.0
A,ASP,348,A_ASP_348,19.510989996963968,2.0
A,ASP,599,A_ASP_599,12.630486038115263,10.0
A,CYS,221,A_CYS_221,18.61164731673487,1.0
A,GLN,205,A_GLN_205,2.6045606612808334,8.0
A,GLN,223,A_GLN_223,23.213963179612097,48.0
A,GLN,388,A_GLN_388,13.157343105940283,62.0
A,GLU,167,A_GLU_167,23.422312833026435,125.0
A,GLU,346,A_GLU_346,20.269568392296613,13.0
A,GLU,521,A_GLU_521,3.431505097311715,59.0
A,GLY,225,A_GLY_225,2.570488260645553,36.0
A,GLY,227,A_GLY_227,5.348679040938007,24.0
A,GLY,404,A_GLY_404,9.950642276801949,18.0
A,GLY,407,A_GLY_407,10.342943718563228,33.0
A,GLY,596,A_GLY_596,7.852097207105261,51.0
A,HIS,207,A_HIS_207,12.533466115538287,30.0
A,HIS,525,A_HIS_525,6.487672238278499,6.0
A,ILE,164,A_ILE_164,4.340429090981516,52.0
A,ILE,211,A_ILE_211,1.7642456346747033,1.0
A,ILE,387,A_ILE_387,18.40080332037426,1.0
A,ILE,399,A_ILE_399,14.273387795971663,0.0
A,LEU,218,A_LEU_218,17.7241697659098,0.0
A,LEU,344,A_LEU_344,6.060620228274981,0.0
A,LEU,395,A_LEU_395,1.3519371369977555,5.0
A,LEU,401,A_LEU_401,17.16321824114737,0.0
A,LYS,228,A_LYS_228,21.463880790425428,12.0
A,MET,219,A_MET_219,21.31126163355196,0.0
A,MET,377,A_MET_377,9.881393490720663,1.0
A,MET,378,A_MET_378,20.67533412215976,0.0
A,PHE,232,A_PHE_232,2.160038130084984,0.0
A,PHE,379,A_PHE_379,25.841890736011624,0.0
A,PHE,383,A_PHE_383,25.52502236501323,29.0
A,PHE,400,A_PHE_400,24.03849475292178,8.0
A,PRO,165,A_PRO_165,10.083750063705734,92.0
A,PRO,203,A_PRO_203,10.105360060013057,9.0
A,PRO,384,A_PRO_384,16.549479706597836,35.0
A,SER,226,A_SER_226,15.815609307575972,11.0
A,SER,380,A_SER_380,16.34556844387296,0.0
A,SER,408,A_SER_408,16.37859406054588,19.0
A,THR,169,A_THR_169,17.383144128794928,34.0
A,THR,224,A_THR_224,18.483795352025368,29.0
A,THR,382,A_THR_382,16.992040148498987,7.0
A,THR,409,A_THR_409,2.824618573480585,7.0
A,TYR,398,A_TYR_398,11.899742259858586,11.0
A,VAL,166,A_VAL_166,15.91288716824741,37.0
A,VAL,204,A_VAL_204,16.418972733628582,0.0
A,VAL,403,A_VAL_403,16.627353915131977,10.0
A,VAL,406,A_VAL_406,15.987733651087666,25.0
A,VAL,524,A_VAL_524,1.831903885153188,19.0
