chain,resname,resnum,res_key,density,ACC
A,ARG,103,A_ARG_103,20.766205984860107,74.0
A,ARG,106,A_ARG_106,27.358322843815323,145.0
A,ARG,118,A_ARG_118,12.04764346090468,108.0
A,ARG,120,A_ARG_120,25.84057210648941,87.0
A,ARG,123,A_ARG_123,27.04140515978782,135.0
A,ASN,88,A_ASN_88,2.6108861558698946,89.0
A,ASN,104,A_ASN_104,20.48832294109917,65.0
A,ASN,142,A_ASN_142,20.636599534080748,68.0
A,ASN,185,A_ASN_185,21.22603372114752,10.0
A,ASP,84,A_ASP_84,18.348777431627887,14.0
A,ASP,85,A_ASP_85,21.2601044191348,65.0
A,ASP,107,A_ASP_107,22.063392675253976,62.0
A,ASP,121,A_ASP_121,21.41961133431664,63.0
A,ASP,176,A_ASP_176,9.13171330740166,26.0
A,CYS,86,A_CYS_86,17.393214955879536,0.0
A,CYS,105,A_CYS_105,17.559143354124075,0.0
A,CYS,108,A_CYS_108,17.607443158260036,0.0
A,CYS,110,A_CYS_110,7.776143741898396,0.0
A,CYS,122,A_CYS_122,17.78808784757795,4.0
A,GLU,126,A_GLU_126,14.980373474137146,33.0
A,GLU,138,A_GLU_138,23.18309326210959,80.0
A,ILE,83,A_ILE_83,17.722598203310817,0.0
A,ILE,91,A_ILE_91,2.117239025000759,0.0
A,ILE,136,A_ILE_136,10.332999037510028,48.0
A,ILE,137,A_ILE_137,17.905140435930512,0.0
A,ILE,143,A_ILE_143,18.228799080580224,0.0
A,ILE,174,A_ILE_174,1.7427993639944592,13.0
A,LEU,125,A_LEU_125,18.609648069909312,0.0
A,LEU,184,A_LEU_184,3.2395464401722878,154.0
A,LYS,109,A_LYS_109,4.450239475738253,68.0
A,LYS,124,A_LYS_124,20.31586892344736,73.0
A,LYS,144,A_LYS_144,15.00757216734264,55.0
A,PHE,101,A_PHE_101,25.71246070209663,46.0
A,PHE,102,A_PHE_102,24.73725200608343,0.0
A,PHE,117,A_PHE_117,15.03133896727752,1.0
A,PHE,145,A_PHE_145,10.709692329071853,0.0
A,SER,139,A_SER_139,15.47650938268828,66.0
A,SER,140,A_SER_140,15.743384350529077,4.0
A,SER,141,A_SER_141,15.211780765152444,44.0
A,THR,87,A_THR_87,13.439697635619725,54.0
A,THR,178,A_THR_178,10.196900000730457,42.0
A,TRP,186,A_TRP_186,11.42926599861563,64.0
A,VAL,100,A_VAL_100,5.541609715049093,0.0
A,VAL,119,A_VAL_119,16.861416576412562,3.0
A,VAL,127,A_VAL_127,8.143806884500483,0.0
