chain,resname,resnum,res_key,density,ACC,hbond_type
A,ALA,213,A_ALA_213,11.516790534595696,14.0,0
A,ARG,170,A_ARG_170,26.33919401193825,50.0,1
A,ASN,160,A_ASN_160,2.6135022820889184,108.0,0
A,ASN,214,A_ASN_214,20.789828013257072,85.0,3
A,ASP,181,A_ASP_181,14.77626132187658,24.0,2
A,CYS,157,A_CYS_157,16.70456465220488,0.0,0
A,CYS,203,A_CYS_203,17.85376776110515,0.0,0
A,GLN,186,A_GLN_186,7.833136743713928,85.0,3
A,GLN,216,A_GLN_216,4.8940347152237695,76.0,0
A,GLU,180,A_GLU_180,20.063785330340547,101.0,2
A,GLU,189,A_GLU_189,14.35405967052536,82.0,2
A,GLU,200,A_GLU_200,23.657335604670813,91.0,2
A,GLU,208,A_GLU_208,17.290666996940118,103.0,2
A,GLY,140,A_GLY_140,10.595784148786468,21.0,0
A,GLY,168,A_GLY_168,10.197345190436126,0.0,0
A,GLY,174,A_GLY_174,4.461900332553469,69.0,0
A,GLY,175,A_GLY_175,10.195682619523671,64.0,0
A,GLY,185,A_GLY_185,6.556418452506544,33.0,0
A,GLY,199,A_GLY_199,3.030479640881465,23.0,0
A,GLY,211,A_GLY_211,10.474842196113,1.0,0
A,HIS,169,A_HIS_169,24.050520674890727,4.0,1
A,ILE,215,A_ILE_215,17.637971303202193,8.0,0
A,LEU,154,A_LEU_154,5.36399401760003,16.0,0
A,LEU,155,A_LEU_155,17.85242236673001,0.0,0
A,LEU,159,A_LEU_159,17.317598100165927,7.0,0
A,LEU,172,A_LEU_172,18.06930630019455,29.0,0
A,LEU,178,A_LEU_178,14.811746640574732,74.0,0
A,LEU,206,A_LEU_206,17.782162123186705,21.0,0
A,LEU,217,A_LEU_217,1.9598002142486144,14.0,0
A,LYS,173,A_LYS_173,13.550488423699594,32.0,1
A,LYS,179,A_LYS_179,20.984823923670884,78.0,1
A,LYS,187,A_LYS_187,14.707403695367278,113.0,1
A,LYS,191,A_LYS_191,2.9295017346808208,125.0,0
A,MET,210,A_MET_210,19.46330346073126,2.0,0
A,PHE,143,A_PHE_143,14.665264116925318,116.0,0
A,PHE,190,A_PHE_190,25.178436428132933,35.0,0
A,PHE,205,A_PHE_205,25.34111525224197,0.0,0
A,PRO,207,A_PRO_207,5.735658942282017,58.0,0
A,PRO,209,A_PRO_209,9.337495180799802,59.0,0
A,SER,158,A_SER_158,15.80544261961434,43.0,0
A,SER,202,A_SER_202,15.701651607988335,20.0,1
A,THR,141,A_THR_141,12.280229153290223,90.0,0
A,THR,144,A_THR_144,17.63867586174122,58.0,0
A,THR,145,A_THR_145,15.667728556442292,83.0,0
A,THR,156,A_THR_156,16.802935113679226,10.0,0
A,THR,188,A_THR_188,18.128863747219835,8.0,2
A,THR,212,A_THR_212,17.547070812657683,77.0,0
A,TRP,171,A_TRP_171,31.779264073732875,0.0,1
A,TYR,201,A_TYR_201,25.10500484076024,5.0,2
A,VAL,142,A_VAL_142,15.604591926631809,19.0,0
A,VAL,146,A_VAL_146,4.306262538945502,74.0,0
A,VAL,166,A_VAL_166,5.909977892069557,9.0,0
A,VAL,176,A_VAL_176,8.12291559608283,98.0,0
A,VAL,177,A_VAL_177,12.642016707129,70.0,0
A,VAL,192,A_VAL_192,1.633543945459964,8.0,0
A,VAL,204,A_VAL_204,15.645371729543289,8.0,0
