chain,resname,resnum,res_key,density,ACC,hbond_type
A,ALA,701,A_ALA_701,12.444751603247251,0.0,0
A,ALA,703,A_ALA_703,12.947446414899645,61.0,0
A,ALA,802,A_ALA_802,10.516752193561418,83.0,0
A,ALA,829,A_ALA_829,12.070071110566603,55.0,0
A,ARG,713,A_ARG_713,8.092236572846682,36.0,1
A,ARG,798,A_ARG_798,26.4781098765349,8.0,0
A,CYS,705,A_CYS_705,17.18819707219334,18.0,0
A,GLU,709,A_GLU_709,22.87039329674339,80.0,2
A,GLU,797,A_GLU_797,13.989125510136668,42.0,2
A,GLU,805,A_GLU_805,10.198356190943938,114.0,0
A,GLU,830,A_GLU_830,22.6647968544148,173.0,0
A,GLY,735,A_GLY_735,10.187080120481957,40.0,0
A,GLY,736,A_GLY_736,7.11634461778219,14.0,0
A,LEU,704,A_LEU_704,17.170134053752395,117.0,0
A,LEU,708,A_LEU_708,17.248930535681353,67.0,0
A,LEU,712,A_LEU_712,8.633363386139127,1.0,0
A,LEU,734,A_LEU_734,5.96537550418712,86.0,0
A,LEU,796,A_LEU_796,15.935238931665772,0.0,0
A,LEU,801,A_LEU_801,18.026504763458888,111.0,0
A,LEU,806,A_LEU_806,10.610072762363416,0.0,0
A,LEU,828,A_LEU_828,17.87683979221514,21.0,0
A,PHE,700,A_PHE_700,5.700908706874621,3.0,0
A,PRO,702,A_PRO_702,17.031975654855152,28.0,0
A,SER,707,A_SER_707,15.584119247720134,63.0,0
A,SER,711,A_SER_711,15.413891255458472,23.0,0
A,SER,800,A_SER_800,10.56706976656526,51.0,0
A,SER,803,A_SER_803,16.094835256586677,15.0,0
A,THR,706,A_THR_706,16.589235164550107,112.0,0
A,THR,795,A_THR_795,1.7525361037057583,35.0,0
A,THR,804,A_THR_804,17.435573100156972,64.0,0
A,THR,826,A_THR_826,14.656219260760947,3.0,3
A,THR,827,A_THR_827,17.327399366132695,74.0,0
A,THR,831,A_THR_831,15.35236311204645,105.0,0
A,TRP,766,A_TRP_766,14.317992962876389,1.0,0
A,TYR,710,A_TYR_710,27.43291099871472,3.0,3
A,TYR,737,A_TYR_737,19.48117746922492,51.0,0
