chain,resname,resnum,res_key,density,ACC,hbond_type
A,ALA,138,A_ALA_138,9.368262279648375,25.0,0
A,ARG,77,A_ARG_77,25.823381865309862,106.0,0
A,ASN,5,A_ASN_5,21.325977595905155,46.0,1
A,ASN,45,A_ASN_45,2.543198634595148,22.0,1
A,ASN,75,A_ASN_75,20.9076506996417,58.0,2
A,ASP,47,A_ASP_47,20.867787168619472,32.0,0
A,ASP,48,A_ASP_48,7.117001173470042,115.0,2
A,ASP,72,A_ASP_72,21.138626060289983,124.0,0
A,ASP,141,A_ASP_141,3.3747894275207413,93.0,2
A,CYS,74,A_CYS_74,18.45539829106988,106.0,0
A,GLU,137,A_GLU_137,5.632099369647466,176.0,0
A,GLU,143,A_GLU_143,10.346715662271391,151.0,0
A,GLY,6,A_GLY_6,10.232675504171745,22.0,0
A,GLY,76,A_GLY_76,10.285788421241138,0.0,0
A,GLY,133,A_GLY_133,10.498909446849147,20.0,0
A,GLY,136,A_GLY_136,10.289837435853803,27.0,0
A,ILE,51,A_ILE_51,7.768374290242598,49.0,0
A,ILE,79,A_ILE_79,1.9263705062383985,0.0,0
A,LEU,7,A_LEU_7,15.204679009345176,55.0,0
A,LEU,8,A_LEU_8,17.112141219835756,1.0,0
A,LEU,106,A_LEU_106,1.8874677738666688,40.0,0
A,LEU,131,A_LEU_131,1.973720496716585,9.0,0
A,LYS,78,A_LYS_78,10.461004261999948,55.0,1
A,PHE,4,A_PHE_4,25.08000197475248,1.0,0
A,PHE,102,A_PHE_102,14.25999599783206,0.0,0
A,PRO,139,A_PRO_139,9.95561264345348,52.0,0
A,SER,49,A_SER_49,15.319552939133011,81.0,0
A,SER,132,A_SER_132,5.730139888582757,75.0,0
A,SER,134,A_SER_134,15.27823821274682,67.0,0
A,SER,135,A_SER_135,7.0941832660969695,78.0,0
A,THR,71,A_THR_71,17.551717226295477,34.0,0
A,VAL,2,A_VAL_2,5.7763068329887135,39.0,0
A,VAL,3,A_VAL_3,16.49240988184831,2.0,0
A,VAL,46,A_VAL_46,16.603922877081505,11.0,0
A,VAL,73,A_VAL_73,16.49194101037184,7.0,0
