chain,resname,resnum,res_key,density,ACC,hbond_type
A,ALA,366,A_ALA_366,2.608753726212409,4.0,0
A,ALA,441,A_ALA_441,5.578860329644073,0.0,0
A,ALA,453,A_ALA_453,12.241691560877673,0.0,0
A,ARG,421,A_ARG_421,26.40165458119656,71.0,1
A,ARG,604,A_ARG_604,10.646911471648984,1.0,1
A,ASN,443,A_ASN_443,9.847305404061588,1.0,0
A,ASN,525,A_ASN_525,15.369207236203684,23.0,0
A,ASN,532,A_ASN_532,14.820520961472669,10.0,3
A,ASP,419,A_ASP_419,21.650292989576684,24.0,2
A,ASP,442,A_ASP_442,18.26665842603037,0.0,2
A,ASP,451,A_ASP_451,20.85572073520369,16.0,2
A,CYS,449,A_CYS_449,17.827602132596425,1.0,0
A,GLN,313,A_GLN_313,3.035830501343298,26.0,0
A,GLN,454,A_GLN_454,22.325484184793176,32.0,0
A,GLU,392,A_GLU_392,13.291781686574504,16.0,0
A,GLU,422,A_GLU_422,17.222558015912373,153.0,0
A,GLU,435,A_GLU_435,12.592905353338168,31.0,2
A,GLU,444,A_GLU_444,19.127946858516,27.0,0
A,GLU,448,A_GLU_448,22.199727766473064,22.0,2
A,GLY,365,A_GLY_365,10.236613536126104,21.0,0
A,GLY,438,A_GLY_438,2.138439932605904,0.0,0
A,GLY,452,A_GLY_452,10.3672315714599,25.0,0
A,GLY,636,A_GLY_636,8.10248126464992,8.0,0
A,HIS,455,A_HIS_455,18.63165715273871,113.0,0
A,HIS,523,A_HIS_523,20.43652194011772,14.0,3
A,ILE,432,A_ILE_432,15.63646369434936,4.0,0
A,ILE,464,A_ILE_464,8.844216262580142,0.0,0
A,ILE,530,A_ILE_530,7.546363097784543,73.0,0
A,ILE,635,A_ILE_635,9.891713398996249,2.0,0
A,LEU,315,A_LEU_315,18.666370166442373,21.0,0
A,LEU,364,A_LEU_364,18.239187379527657,0.0,0
A,LEU,436,A_LEU_436,17.265770535649878,23.0,0
A,LEU,437,A_LEU_437,15.080383223268557,1.0,0
A,LEU,445,A_LEU_445,18.778060121498168,1.0,0
A,LEU,450,A_LEU_450,18.30534184226055,5.0,0
A,LEU,637,A_LEU_637,20.835312244964776,60.0,0
A,LYS,393,A_LYS_393,15.754774597297182,51.0,0
A,MET,316,A_MET_316,2.806927789193125,99.0,0
A,MET,362,A_MET_362,7.450063954248073,0.0,0
A,MET,420,A_MET_420,20.97507617528183,14.0,0
A,PHE,456,A_PHE_456,17.900023713460993,9.0,0
A,PHE,521,A_PHE_521,14.343550680737517,6.0,0
A,PRO,314,A_PRO_314,15.916994318079595,18.0,0
A,PRO,447,A_PRO_447,15.904346701570557,0.0,0
A,PRO,465,A_PRO_465,9.729441577202165,0.0,0
A,PRO,524,A_PRO_524,4.298874345183535,37.0,0
A,SER,418,A_SER_418,6.167734058843664,29.0,0
A,SER,434,A_SER_434,15.612430271686105,0.0,0
A,SER,446,A_SER_446,15.661309944161978,0.0,3
A,SER,463,A_SER_463,7.5443712395510545,6.0,0
A,SER,522,A_SER_522,5.180878681004378,63.0,0
A,SER,606,A_SER_606,2.2440082100313044,28.0,2
A,TRP,423,A_TRP_423,13.642601029709343,32.0,0
A,TYR,468,A_TYR_468,16.01314797011305,2.0,3
A,VAL,363,A_VAL_363,7.565814888521024,0.0,0
A,VAL,391,A_VAL_391,13.549850293005326,1.0,0
A,VAL,433,A_VAL_433,9.935125353078348,0.0,0
A,VAL,611,A_VAL_611,5.764056577915726,0.0,0
